1.51
2.601
1.61
1.454
0.963
1.484
2.138
0.72
1.708
0.7
1.373
1.746
2.126
2.276
2.83
4.0275
1.579
2.0825
2.843
2.688
2.915
1.474
2.771
4.247
1.763
2.159
0.82
2.02
4.0265
1.108
1.15
3.0475
1.8355
1.6175
0.42
2.229
0.889
2.462
1.914
1.831
3.9225
4.261
1.86
1.83
0.643
2.6045
4.0705
2.31
0.716
5.29
0.01
0.33
0.14
5.0705
3.811
6.295
3.229
1.49
4.502
0.21
1.859
1.646
2.724
-0.08
0.97
2.331
1.607
1.62
2.75
2.5
-0.0775
1.682
1.453
0.22
-0.0125
2.06
1.041
0.9
1.49
1.115
0.08
2.18
0.06
1.93
0.07
5
1.523
-0.08
3.387
1.47
1.388
0.1
1.88
2.29
4.112
1.8
0.8965
3.618
2.22
1.069
-0.07945
1.027
0.03
0.03
4.3145
1.763
-0.0362
1.91
1.1
2.002
2.09
3.64
-0.06
-0.0386
1.96
1.96
1.614
2.73
2.301
2.7
-0.09
4.05
5.2
1.291
1.632
2.137
0.8135
1.75
0.98
1.19
1.276
2.47
1.63
2.71
1.014
1.695
3.025
0.04
-0.0971
2.31
1.329
1.54
1.149
4.38
2.89
1.445
1.222
1.673
1.932
1.26
3.17
3.03
2.09
2.62
1.558
0.947
2.53
1.978
1.621
3.313
1.125
2.088
1.864
2.45
2.988
0.858
1.066
2.78
1.62
-0.07145
2.04
1.77
3.76
-0.08385
-0.34
0.02
3.98
1.57
1.3935
1.189
2.509
1.158
2.847
0.01
3.3275
1.247
1.17
3.302
2.9545
1.518
4.2
2.26
2.251
3.967
1.7455
1.4615
1.67
4.119
0.01
-0.0962
0.04
1.3455
2.27
0.953
-0.04
2.056
1.23
5.4255
1.2
3.78
2.631
4.662
1.45
1.341
2.1
2.8835
1.344
1.383
1.653
1.433
1.642
2.94
4.6865
5.082
3.538
1.863
2.8795
1.82
3.32
1.11
-0.0712
2.959
3.3615
-0.0075
1.521
2.91
-0.08645
9.834
0.829
1.501
-0.02
6.962
2.04
2.06
2.01
1.121
2.87
2.147
2.01
1.8
1.4
1.02
1.66
1.63
0.04
1.69
3.222
1.517
1.96
1.59
2.25
0.01
3.9235
0.7565
3.311
0.4
2.052
2.06
-0.0522
-0.08105
1.09
1.69
1.82
1.912
1.154
2.07
2.8885
2.746
1.655
5.06
1.182
3.49
2.036
1.568
2.6465
1.72
1.826
0.746
1.46
0.763
1.141
3.891
1.46
0.835
1.864
0.557
2.14
2.184
1.277
1.688
