0.116989071603417
0.0910108483687646
0.0579786182574799
0.0255825904993486
0.0782113247764293
0.0796375624189189
0.204371798118678
0.0531236917056891
0.0988833417773984
0.167183155030797
0.195325098152974
0.165636154458821
0.144683185645324
0.263022774603681
0.0543373065227632
0.26513446020662
0.126640888716994
0.152195347115341
0.479189535110339
0.214359962230719
0.204079806385867
0.0791256461975679
0.441402906010819
0.296233248306438
0.352409158526298
0.266363581206425
0.14648806842781
0.260280737617954
0.297780472698939
0.118048622965962
0.143385458896134
0.143414048613835
0.22147559357011
0.294395971449622
0.0605066090837949
0.253265855305998
0.108671891591583
0.138386818353298
0.194667385525435
0.242117473436415
0.255988487131493
0.127765458729676
0.0325386904690299
0.0944103666453688
0.0621726166359909
0.167685555640221
0.204624847086441
0.151518571990938
0.102836054016894
0.139125600201255
0.00490157691559184
0.0380503211489183
0.0227809840084317
0.372785305114587
0.227894895149534
0.191785150730804
0.27852099028908
0.114979365080555
0.501267131736925
0.075933335324979
0.143679682393674
0.157542999364078
0.128421146260161
0.00666315079596858
0.209172685869978
0.220358067733401
0.0566885763818372
0.0183913620959755
0.0796823050483525
0.107500278313937
0.00751971026362169
0.0362805992974879
0.0679078426613528
0.0370637522082582
0.0272477640423853
0.0434492076129681
0.0385693004149837
0.0864217433436719
0.120261060711387
0.213620573059841
0.0103794767508568
0.172438025919826
0.00568204796247952
0.0353571345213545
0.00749674166425929
0.199417709034297
0.112594735735051
0.0473415539573834
0.120914607650593
0.0366386114197777
0.0958734165444454
0.0325019017108366
0.0642142156982616
0.130078018580632
0.223214905721157
0.0509362837719199
0.0609202570505932
0.308406090666483
0.0914218466266311
0.124050793575866
0.00850997139662251
0.132042967252164
0.00632443600658101
0.0101956950356707
0.27819639306436
0.0642310206202412
0.0217069590598196
0.0510550616710291
0.0578907556682694
0.224476430712548
0.0517515665298824
0.105923625594776
0.0096206373056635
0.033421733999387
0.0631162700587222
0.185923189552344
0.163145592076899
0.23982449816246
0.196646961608284
0.230823313116478
0.00467119464157376
0.325995813959203
0.193363737462214
0.107614836802919
0.233514764085517
0.213108261994479
0.170131597232247
0.0792854748160952
0.254715258933949
0.0226390630656709
0.0241482075157135
0.0551030733328447
0.0142998187254714
0.0787295839536328
0.0815005416743113
0.0775815280244453
0.206233304957647
0.00576991177354286
0.00556495513071937
0.140567474330261
0.11273811446629
0.10660948092689
0.0366640127083356
0.123292335939523
0.0286424411103661
0.0927098221980077
0.0870047967222524
0.212703709887459
0.181050399196205
0.324750081104469
0.0611952559718614
0.0813751167150847
0.0956712819056322
0.0596171074155634
0.257714340977855
0.081800118938137
0.0443245818695136
0.118745570602495
0.234187629315634
0.289655001935581
0.322275939650641
0.0451598035632245
0.264554521180503
0.0626154870152079
0.111227001316442
0.142156523168931
0.156766507919141
0.0544672426040446
0.100306280878194
0.0060676044573263
0.0771961368563731
0.0874844148258644
0.0634329896714568
0.00693090938185459
0.0146467636544025
0.0102297550131022
0.160613093483661
0.071220599158352
0.104252551196678
0.048122323503261
0.111092970437798
0.0314179213700067
0.0619205974933854
0.00728386708131701
0.136553628250607
0.203545585725632
0.358063729209287
0.205963218372686
0.210227923540229
0.0304503760942148
0.44459600605726
0.0823946794641667
0.195295630223885
0.267562686098105
0.444030173692922
0.26006236034585
0.24326394020674
0.299226054509043
0.00844208188058039
0.00683994027144906
0.00577250659050938
0.206601493361034
0.216197405372252
0.0826670066538188
0.0214125949505963
0.0111367898971943
0.0346735927795901
0.278920128928073
0.0127663173733287
0.181858765103677
0.290401154589377
0.441009817038211
0.01337726245786
0.14565172901991
0.223745857970153
0.182083277361299
0.0661913456118532
0.120983335802435
0.288346697918214
0.169822400315899
0.198410441324095
0.241618839775365
0.166806386303219
0.294035288332602
0.180494604933301
0.11391354534591
0.214652706340766
0.0917037034273293
0.0642119475705228
0.350122568805046
0.0123876191744204
0.198388231782994
0.303478457451021
0.0341814364437092
0.0836216411454673
0.139470670218303
0.00567698722399389
0.192683871221957
0.0949942155731568
0.147588595459708
0.0327991710077917
0.00608306604439041
0.0413071864990854
0.101731063511067
0.0510871736994214
0.098104855530658
0.082639866284447
0.153240850646958
0.13935825248849
0.0664860281614399
0.0120801785248903
0.0192629734471277
0.110481219599849
0.266921707829484
0.00626195366395607
0.084135498116272
0.0650356626430226
0.0744655850558994
0.105326597342413
0.0824432740240127
0.0765546656582023
0.00658173424544253
0.209061145040487
0.2001955684194
0.155076370120029
0.0886389415255277
0.0655238368191939
0.199872909166814
0.0330890878087344
0.00490180881672493
0.05774463351344
0.0531653374578571
0.0423299694934203
0.125945982916629
0.228275819390431
0.0715367306918996
0.114263923524427
0.260949556531035
0.116983403928453
0.00982837153358079
0.254955759609126
0.252518424642611
0.199780992855098
0.0640951569165667
0.416956421138991
0.135816698112656
0.1818599893563
0.0487629093400176
0.118708045638995
0.0278840818668078
0.145879357777374
0.0384564647666476
0.142556802822675
0.0992026957494298
0.0254611258219427
0.0726450699835908
0.267071280821678
0.22474433999001
0.193149480162037
0.171721937549814
